----------------------------------------------------------------------------------------------------
---- stereoremote ----------------------------------------------------------------------------------
protocol  : NEC
----------------------------------------------------------------------------------------------------
# PowerButton:
Code      : 0x6B900FF (32 Bits)
Source code:
uint16_t rawData[71] = {8954, 4542,  514, 614,  514, 612,  514, 614,  518, 608,  538, 590,  514, 1716,  560, 1714,  516, 612,  514, 1738,  518, 610,  514, 1740,  534, 1718,  514, 1716,  536, 612,  514, 612,  514, 1740,  516, 614,  540, 586,  516, 610,  514, 614,  538, 588,  516, 614,  514, 612,  538, 588,  514, 1740,  514, 1738,  514, 1738,  514, 1738,  542, 1712,  514, 1738,  514, 1738,  514, 1734,  530, 40180,  8980, 2270,  566};  // NEC 6B900FF
uint32_t address = 0x9D60;
uint32_t command = 0x0;
uint64_t data = 0x6B900FF;

# Repeat
Protocol  : NEC (Repeat)
Code      : 0xFFFFFFFFFFFFFFFF (0 Bits)
Source code:
uint16_t rawData[3] = {9014, 2236,  574};  // NEC (Repeat) FFFFFFFFFFFFFFFF
uint64_t data = 0xFFFFFFFFFFFFFFFF;

# Volume Up
Code      : 0x6B938C7 (32 Bits)
Source code:
uint16_t rawData[71] = {8952, 4522,  538, 612,  512, 616,  538, 590,  510, 616,  512, 616,  534, 1716,  514, 1740,  536, 590,  510, 1742,  516, 614,  512, 1738,  514, 1738,  514, 1738,  514, 616,  512, 614,  510, 1716,  538, 614,  538, 588,  514, 1716,  538, 1738,  538, 1716,  514, 614,  512, 616,  512, 614,  534, 1718,  512, 1716,  536, 614,  514, 614,  510, 616,  510, 1740,  512, 1742,  514, 1710,  564, 40200,  8952, 2298,  510};  // NEC 6B938C7
uint32_t address = 0x9D60;
uint32_t command = 0x1C;
uint64_t data = 0x6B938C7;

# Volume Down
Code      : 0x6B958A7 (32 Bits)
Source code:
uint16_t rawData[71] = {9012, 4482,  574, 550,  576, 548,  580, 548,  578, 548,  578, 550,  578, 1678,  574, 1678,  574, 554,  574, 1678,  574, 550,  576, 1678,  574, 1678,  576, 1678,  574, 548,  578, 552,  576, 1678,  574, 548,  578, 1678,  576, 550,  578, 1678,  574, 1678,  576, 548,  578, 548,  578, 550,  576, 1680,  576, 552,  574, 1678,  576, 552,  574, 548,  578, 1680,  574, 1678,  576, 1674,  576, 40164,  9012, 2238,  576};  // NEC 6B958A7
uint32_t address = 0x9D60;
uint32_t command = 0x1A;
uint64_t data = 0x6B958A7;

# source Up
Code      : 0x6B99867 (32 Bits)
Source code:
uint16_t rawData[71] = {9012, 4484,  574, 548,  576, 552,  576, 554,  572, 552,  574, 550,  576, 1680,  574, 1680,  572, 550,  578, 1678,  574, 550,  576, 1678,  574, 1680,  574, 1678,  574, 550,  576, 550,  574, 1682,  574, 1680,  576, 550,  552, 574,  576, 1678,  574, 1680,  574, 550,  576, 554,  574, 556,  572, 554,  574, 1680,  572, 1680,  574, 550,  576, 550,  578, 1678,  574, 1680,  574, 1676,  574, 40158,  9010, 2240,  574};  // NEC 6B99867
uint32_t address = 0x9D60;
uint32_t command = 0x19;
uint64_t data = 0x6B99867;

# source Down
Code      : 0x6B9B847 (32 Bits)
Source code:
uint16_t rawData[71] = {9010, 4484,  576, 550,  576, 550,  576, 550,  578, 550,  576, 550,  576, 1680,  574, 1678,  574, 552,  576, 1680,  574, 550,  576, 1680,  574, 1680,  574, 1680,  574, 550,  578, 552,  574, 1678,  576, 1680,  574, 554,  574, 1678,  574, 1682,  574, 1678,  576, 554,  572, 552,  576, 552,  576, 550,  576, 1680,  574, 550,  576, 550,  576, 552,  576, 1680,  574, 1680,  574, 1676,  574, 40168,  9014, 2238,  574};  // NEC 6B9B847
uint32_t address = 0x9D60;
uint32_t command = 0x1D;
uint64_t data = 0x6B9B847

----------------------------------------------------------------------------------------------------
---- tv remote -------------------------------------------------------------------------------------
protocol  : SAMSUNG
----------------------------------------------------------------------------------------------------
# PowerButton
Code      : 0xE0E040BF (32 Bits)
Source code:
uint16_t rawData[135] = {4506, 4530,  516, 1726,  540, 1702,  542, 1704,  540, 582,  542, 578,  542, 582,  540, 582,  540, 582,  540, 1702,  544, 1702,  540, 1706,  516, 606,  516, 606,  516, 606,  516, 606,  542, 582,  538, 582,  542, 1704,  542, 582,  516, 606,  540, 582,  514, 606,  518, 606,  540, 582,  516, 1728,  542, 580,  538, 1704,  544, 1702,  516, 1728,  542, 1704,  518, 1728,  540, 1704,  516, 46974,  4482, 4554,  542, 1702,  542, 1704,  542, 1700,  544, 580,  542, 580,  518, 602,  544, 580,  544, 578,  546, 1698,  544, 1702,  518, 1728,  544, 576,  546, 578,  542, 578,  544, 580,  544, 580,  542, 578,  546, 1700,  542, 580,  544, 578,  544, 580,  542, 578,  542, 580,  546, 578,  542, 1700,  548, 578,  544, 1698,  544, 1700,  546, 1700,  544, 1700,  546, 1700,  544, 1702,  544};  // SAMSUNG E0E040BF
uint32_t address = 0x7;
uint32_t command = 0x2;
uint64_t data = 0xE0E040BF;

# Up
Code      : 0xE0E006F9 (32 Bits)
Source code:
uint16_t rawData[135] = {4508, 4528,  546, 1700,  548, 1698,  546, 1698,  544, 578,  546, 576,  546, 576,  546, 576,  544, 580,  542, 1700,  546, 1698,  546, 1700,  544, 578,  544, 578,  546, 574,  544, 578,  544, 578,  542, 578,  544, 578,  544, 580,  542, 580,  544, 576,  544, 1700,  546, 1700,  544, 580,  544, 1698,  546, 1700,  544, 1700,  544, 1700,  544, 1702,  546, 578,  544, 578,  546, 1698,  544, 46950,  4512, 4524,  518, 1726,  546, 1698,  546, 1698,  544, 578,  546, 576,  544, 578,  544, 576,  546, 576,  542, 1702,  548, 1696,  546, 1700,  544, 578,  546, 580,  542, 576,  548, 574,  548, 578,  544, 576,  544, 578,  546, 574,  544, 578,  544, 578,  542, 1702,  554, 1690,  546, 578,  544, 1700,  520, 1724,  544, 1700,  548, 1698,  548, 1698,  546, 578,  546, 578,  544, 1698,  546};  // SAMSUNG E0E006F9
uint32_t address = 0x7;
uint32_t command = 0x60;
uint64_t data = 0xE0E006F9;

# Down
Code      : 0xE0E08679 (32 Bits)
Source code:
uint16_t rawData[135] = {4510, 4526,  544, 1702,  544, 1700,  546, 1698,  546, 576,  544, 578,  544, 578,  544, 578,  544, 578,  544, 1700,  544, 1700,  544, 1700,  544, 578,  544, 578,  544, 578,  546, 576,  546, 576,  544, 1700,  546, 576,  544, 578,  544, 578,  544, 578,  544, 1700,  544, 1700,  546, 578,  544, 578,  546, 1698,  546, 1700,  544, 1698,  546, 1700,  544, 576,  546, 578,  544, 1700,  546, 46952,  4508, 4528,  546, 1698,  522, 1724,  544, 1700,  522, 600,  544, 578,  544, 578,  544, 578,  542, 580,  544, 1700,  522, 1724,  530, 1712,  548, 578,  544, 578,  544, 578,  542, 580,  522, 600,  544, 1700,  544, 578,  544, 578,  522, 600,  544, 578,  544, 1702,  542, 1700,  522, 600,  544, 580,  542, 1702,  544, 1702,  542, 1702,  522, 1724,  544, 578,  522, 600,  546, 1700,  546};  // SAMSUNG E0E08679
uint32_t address = 0x7;
uint32_t command = 0x61;
uint64_t data = 0xE0E08679;

# right
Code      : 0xE0E046B9 (32 Bits)
Source code:
uint16_t rawData[135] = {4510, 4526,  544, 1698,  546, 1700,  544, 1700,  546, 576,  546, 576,  546, 578,  544, 578,  546, 578,  544, 1702,  542, 1700,  546, 1700,  546, 576,  546, 578,  546, 576,  544, 578,  544, 576,  546, 578,  544, 1700,  546, 576,  546, 576,  544, 578,  546, 1698,  546, 1698,  548, 576,  546, 1698,  546, 576,  546, 1698,  546, 1702,  544, 1698,  546, 576,  546, 576,  546, 1698,  546, 46954,  4510, 4526,  546, 1700,  544, 1702,  544, 1698,  546, 576,  546, 576,  546, 576,  546, 576,  522, 600,  546, 1700,  544, 1700,  546, 1700,  544, 578,  522, 600,  546, 578,  544, 576,  546, 576,  522, 600,  546, 1698,  546, 578,  522, 600,  544, 576,  546, 1698,  544, 1700,  546, 578,  544, 1700,  546, 576,  524, 1722,  546, 1700,  546, 1700,  546, 576,  546, 576,  544, 1700,  546};  // SAMSUNG E0E046B9
uint32_t address = 0x7;
uint32_t command = 0x62;
uint64_t data = 0xE0E046B9

# left
Code      : 0xE0E0A659 (32 Bits)
Source code:
uint16_t rawData[203] = {4510, 4524,  546, 1700,  546, 1700,  544, 1700,  548, 576,  546, 576,  546, 576,  546, 576,  526, 598,  546, 1700,  544, 1700,  546, 1698,  546, 576,  546, 576,  546, 576,  544, 578,  522, 600,  546, 1698,  546, 576,  522, 1722,  546, 576,  546, 576,  548, 1698,  544, 1700,  548, 574,  546, 576,  546, 1698,  546, 576,  546, 1698,  546, 1700,  546, 576,  546, 576,  546, 1700,  522, 46974,  4488, 4550,  546, 1700,  546, 1698,  546, 1698,  546, 578,  546, 574,  546, 576,  548, 574,  546, 576,  546, 1700,  546, 1700,  546, 1698,  548, 576,  544, 580,  544, 576,  546, 578,  544, 576,  546, 1700,  544, 576,  546, 1700,  546, 574,  548, 576,  544, 1700,  522, 1724,  544, 578,  546, 578,  544, 1698,  546, 576,  546, 1698,  546, 1698,  546, 578,  544, 578,  546, 1698,  546, 46954,  4512, 4526,  546, 1698,  546, 1700,  522, 1722,  546, 578,  546, 576,  546, 576,  546, 578,  544, 576,  548, 1700,  544, 1698,  548, 1698,  546, 578,  544, 578,  544, 576,  546, 576,  546, 578,  546, 1698,  546, 576,  522, 1722,  546, 576,  546, 578,  544, 1702,  546, 1696,  538, 584,  522, 600,  544, 1700,  546, 576,  546, 1698,  546, 1698,  548, 576,  546, 576,  522, 1722,  546};  // SAMSUNG E0E0A659
uint32_t address = 0x7;
uint32_t command = 0x65;
uint64_t data = 0xE0E0A659;